0.17686480887955092
0.17197484970192592
0.17558237932662857
0.1737770226468389
0.1754478910674049
0.1786077808215534
0.18745146377129182
0.18586917477085863
0.1920066079071239
0.1959112770618372
0.21520161298187332
0.22478574981524074
0.7714966076205388
0.5512888855944765
0.7096313967617277
0.5627506874984693
0.3276371994600129
0.5482335816511064
0.3779503389335696
0.7096096263580423
0.3278388206573469
0.5742470198877833
0.20926729911765973
0.23545494626361096
0.49574868330637084
0.7588211168450706
0.23233191913725507
0.40941812958148316
0.41474274348082346
0.5529130983888878
0.3767939626241374
1.0349488172223784
0.5921264565783222
0.3630954468593624
0.9135113482491614
1.0447623650045976
1.1965787960389405
0.4895521108829984
0.666049661676965
0.28685801186301224
0.7805618758496983
0.7647799179829446
0.778726593304736
0.7294519149128338
1.0362976521733513
1.3682531410342162
0.7757480156726152
1.3496174164443788