0.18338537490759735
0.15291234230761122
0.16427549595116123
0.14388720773578204
0.2914971026957216
0.23868561508813219
0.16236655807154393
0.17645690700564814
0.27436177434183506
0.2342860228865563
0.151539926751995
0.1679748583270722
0.2044005696420632
0.1738357784807261
0.1748361575018164
0.20021047937108588
0.12729821039590447
0.1657822080321045
0.1777713637513086
0.1561474454802258
0.2774154787858819
0.19389839548072593
0.21570034986063402
0.1578471097296369
0.17809963293055936
0.1744346637569495
0.1805078845092368
0.1324058435266359
0.2904114422160395
0.22359085788555838
0.41589740041264983
0.38374788699092527
0.23411186456478444
0.6622378335462267
0.5296502344000237
0.7506920671820104
0.7139330310680407
0.4328572877635306
0.8856251132787507
1.007424486068311
0.9936785753099443
0.9368374105894792
0.8920526794814309
1.2888182951758558
1.2751372753237196
0.6689435043933081
1.4220333794675848
1.033668568449288