0.1813293195542298
0.20993774239045238
0.16339991178088176
0.18701751851096748
0.27017858273741835
0.20195990777874684
0.189957292489654
0.16193525270922335
0.16066303364495513
0.17149610776924348
0.18972980517040533
0.2110830674639726
0.2243914030215953
0.17878194335558628
0.17792947527040032
0.17523285756387139
0.21723393300771404
0.20530781346553764
0.18585287285915147
0.17056740948962076
0.2283992011369566
0.2271129369278642
0.18907886859720718
0.1727459570583346
0.1710807615426117
0.21257017765904992
0.1911590949968113
0.1933140232109406
0.21678805541357676
0.22899120817184213
0.19747958291934914
0.19194519642335411
0.14409425432681222
0.21546740832432185
0.2113552752357981
0.20224015753554006
0.21484502002606434
0.25894394611575666
0.24250111645103845
0.22167309112745295
0.24229369475906706
0.2118468830311174
0.2395169695032067
0.23904079616249577
0.20809684159064024
0.27396499241691435
0.27215603239685865
0.2929163738509678