4.918902000000001
4.928376
4.925486
4.947439999999999
5.008604
5.083518
5.1683319999999995
5.230146
5.349524
5.578633999999999
5.868723999999999
6.214602
7.588502
7.278214000000001
7.578688000000001
7.403525999999999
7.788692
7.38793
7.499770000000001
7.274557999999999
7.192484
7.0968800000000005
6.319106
6.345552
7.53673
7.392238000000001
7.3399
7.3620540000000005
7.691118
7.615648
7.880498
7.5508120000000005
7.545475999999999
7.5964160000000005
7.6906859999999995
6.672816
7.797996
7.568078
7.713468000000001
7.343921999999999
7.661785999999999
7.765219999999999
7.2779679999999995
7.761641999999999
7.71319
7.9949200000000005
7.405952000000001
8.409192