4.908874
4.960244
4.968098
4.984676
5.367388
5.2934600000000005
5.041221999999999
4.972937999999999
5.414575999999999
5.277946
5.026882
5.016138
5.41831
5.228788
5.077158
5.023072000000001
5.39358
5.328048
5.17936
5.170146
5.498504
5.448568
5.34517
5.305796
5.462042000000001
5.555404000000001
5.4601999999999995
5.448912
5.7509619999999995
5.7389779999999995
5.598781999999999
5.558886
5.842226
5.86444
5.819152
5.760278
5.910344
6.154103999999999
6.152216
6.188186
6.376572
6.64281
6.697126
6.798385999999999
7.023896000000001
7.351071999999999
7.583098
7.669118