4.9215040000000005
4.9711739999999995
4.948128
4.968719999999999
5.483404
5.340380000000001
5.065166
4.976634
5.4337919999999995
5.313732
5.08952
4.9831959999999995
5.576137999999999
5.361505999999999
5.140498
5.040380000000001
5.467598000000001
5.39337
5.240067999999999
5.133483999999999
5.650402000000001
5.5011719999999995
5.395936
5.17551
5.47765
5.6574979999999995
5.599522
5.42813
5.850792
5.834944
5.847648
5.523348
5.916734
6.187834
5.963710000000001
6.0040960000000005
6.19248
6.333868
6.626341999999999
6.521826
6.608306000000001
6.818606
6.940578
6.846506
7.109022
7.239602
7.550262000000001
7.890610000000001