0.009317133587358377
0.01647710140275655
0.02074673816584081
0.02867962724899268
0.03402139517928002
0.04250283756043547
0.04227588556601275
0.04718468218069095
0.08111841724872461
0.05457946260857979
0.060286860467557865
0.05866455536679774
0.10701800180599666
0.07795976700785107
0.09763933359265702
0.09445556273142836
0.0932196930529799
0.121098444377339
0.1383302212264796
0.1007814619964271
0.09771320124795736
0.19799678719305933
0.11001238851738071
0.0885391328009
0.1300142738794125
0.16210422886260156
0.18259014456253478
0.16132651843788928
0.2683116022435341
0.2835431272186956
0.17011011149102293
0.24079905029437784
0.29217293705097785
0.20870063813997697
0.27166278409525446
0.29808849961827605
0.15988245056359388
0.14525904196488568
0.2607450932773095
0.21951804243020506
0.22822800520381786
0.17343245580414252
0.19185872092218423
0.31994133335212693
0.19698065481971028
0.16769801898365175
0.2683241116631784
0.20245869453164714