0.009758011598512719
0.019374346013375173
0.0228599038168342
0.03127148861054046
0.049912658713054905
0.05331844347006096
0.04268721685137474
0.07298214753583679
0.06264280033139065
0.082338687922724
0.06960508743488217
0.08149724408203501
0.07650541187274212
0.07970751339438559
0.0821946882578371
0.09581013292036562
0.08334867624662995
0.10288124261698692
0.13347720791736126
0.13824234451820414
0.10781145064668665
0.11750984112846793
0.07974986945815611
0.11164368753928983
0.1829626989628815
0.15017172877741347
0.18194232858153445
0.1205972935107993
0.1499573510807424
0.11831746244362124
0.14380966512756302
0.15183897652344802
0.11032198702144229
0.12820262807763305
0.1770025776410733
0.15453264429296343
0.12734727443601426
0.12120698554871379
0.15765156272474057
0.15870559197579678
0.11254684175544889
0.1451875836443348
0.1922438479482906
0.1557429688524463
0.17002944381309068
0.16584826652149315
0.1655613115534849
0.12637477971589586