0.009849729132394545
0.01768710088603763
0.022362835949680433
0.032492709704669206
0.038449215799045026
0.03983849509178014
0.0434188198245055
0.05585661088659267
0.0758174311890714
0.06787321785252419
0.06744147508799819
0.0682264601479428
0.049399247389007014
0.37345003499147544
0.3172673954925524
0.3473179781049745
0.2461145767783257
0.2514998824744115
0.13089359685981145
0.4864929274672591
0.13399647380740373
0.11206775063246306
0.1442020361902212
0.26103730132617115
0.6283581752084518
0.4068977040277584
0.3157594565407886
0.4145116012854722
0.504538771015173
0.25664753782766137
0.1961171281553503
0.5077626575251295
0.3278792548171392
0.3029376953938116
0.1284005827851649
0.2983323086470928
0.2294929248609655
0.5650301689117686
0.18828443015297133
0.1325366942529172
0.17647767318392818
0.10951841778555874
0.17651515695902872
0.22125226943237603
0.26328269971021623
0.20728545660412093
0.22328613804168165
0.276772549352213