1.003993864079914
1.9467610601440095
2.568388480773011
3.6552011353008576
4.156901683322807
5.010764380829342
5.664730032793471
6.111916838294553
7.1231106321738675
7.487095208736621
7.5400769928027636
7.486853232667545
8.027944415711252
8.010182750935446
9.645440092863632
9.657387539722796
9.659266728201203
9.626843774831853
9.594993015173328
9.616072343912837
9.622208922009357
10.20388168735472
10.308412695737188
10.236523921207345
11.818262629947954
11.792211478316672
11.739298353108472
11.779419503111429
11.744528592048164
11.744889469976718
11.819642222119146
11.785766593846407
11.799929150320947
11.7531777177318
11.712624649617464
11.749781553006347
11.82668224046041
11.797543602710881
11.724903220265157
11.75642216508163
11.78835642684929
11.731029662145108
11.750883284951533
11.74681151848551
11.718145475280977
11.754515044510411
11.74166040129603
11.78427681972404