1.0000477484637094
1.9438701236947467
2.560804360133055
3.5963540564062755
4.171887718084235
4.92702996304046
5.463820705596125
5.825155199753724
6.675739872328906
6.8442537639818966
6.748720918581519
6.677282178561587
5.718912173894179
7.133556294196361
8.045941686159871
8.444737304321794
8.949734215515774
8.975088537627833
9.19954270585758
9.23352777725773
9.143787034622664
10.155016774277538
10.033020842766456
9.825370222326187
10.880762790207788
11.14294564151899
11.114585968554724
11.246319372879249
11.537584433009373
11.075809251151107
11.39876880729978
11.035732717397192
11.871790212896144
11.797252304214137
11.513110137200863
11.77553653192235
11.84097087228259
11.488558164978235
11.806735992166518
11.917773088708376
12.003309919473805
11.910930442356264
11.93650283087512
11.986399528358097
11.774348564053122
11.830891968645295
11.813824538683658
11.839549623847635