1.0017191969568118
1.9406428454472415
2.5643176771302256
3.6393823715430265
4.230920472416323
4.961778625302664
5.6672938462268405
6.151589903126375
7.157443649078261
7.431957966596687
7.509534771894858
7.521940991168503
7.833992435103497
8.033288707396068
9.70686735797152
9.790068918353874
9.73111654798608
9.408841954977907
9.481332741312551
9.643560197271528
9.646249464506651
10.19459450809277
10.202111396483053
10.38523193796512
12.029280950309088
12.07915629402038
12.02939452471902
11.875534000490894
11.831139154504084
11.812373294106013
11.763115538608789
11.876216620137987
11.767370694365985
11.758718761584385
11.849909628936103
11.921703967200692
11.716205860716038
11.998035010401733
11.843080450510467
11.850534193996443
11.752328492508163
11.843089624230913
11.839586296937883
11.886141912131125
11.659870430462188
11.964263356245853
11.774702208818486
11.857013345865683